1 0.49453125 0.57109375 0.096875 0.10859375
1 0.565625 0.5640625 0.065625 0.128125
1 0.6578125 0.53515625 0.05234375 0.1234375
1 0.77109375 0.53515625 0.0890625 0.1234375
1 0.91640625 0.3390625 0.07421875 0.11484375
1 0.83671875 0.2796875 0.05625 0.11640625
1 0.75078125 0.27265625 0.0640625 0.11484375
1 0.66953125 0.28515625 0.05078125 0.14453125
1 0.5625 0.28125 0.059375 0.13828125
1 0.503125 0.22109375 0.0640625 0.125
1 0.45234375 0.21953125 0.04609375 0.11015625
1 0.39921875 0.24375 0.07578125 0.1578125
3 0.38671875 0.4484375 0.13125 0.26171875
3 0.484375 0.440625 0.04765625 0.1515625
3 0.55703125 0.44296875 0.08359375 0.153125
3 0.665625 0.425 0.0984375 0.125
3 0.821875 0.453125 0.11171875 0.21015625
3 0.91328125 0.5109375 0.10546875 0.23671875
3 0.48828125 0.8 0.11015625 0.2453125
3 0.78984375 0.690625 0.11015625 0.159375
3 0.66484375 0.7046875 0.11328125 0.17578125