1 0.48046875 0.571875 0.096875 0.10703125
1 0.5515625 0.565625 0.065625 0.128125
1 0.64375 0.53671875 0.05390625 0.1234375
1 0.75703125 0.53671875 0.0890625 0.1234375
1 0.90234375 0.33984375 0.07578125 0.11484375
1 0.82265625 0.28125 0.05625 0.11640625
1 0.73671875 0.27421875 0.0640625 0.11484375
1 0.65546875 0.28671875 0.05078125 0.14453125
1 0.5484375 0.28203125 0.059375 0.13828125
1 0.4890625 0.221875 0.0640625 0.125
1 0.43828125 0.22109375 0.04453125 0.11015625
1 0.38515625 0.2453125 0.07578125 0.1578125
3 0.37265625 0.45 0.13125 0.26171875
3 0.4703125 0.4421875 0.04765625 0.1515625
3 0.54296875 0.44375 0.08359375 0.153125
3 0.6515625 0.42578125 0.096875 0.125
3 0.8078125 0.4546875 0.11171875 0.21015625
3 0.90078125 0.51171875 0.10546875 0.23671875
3 0.47421875 0.80078125 0.10859375 0.2453125
3 0.77578125 0.69140625 0.11015625 0.159375
3 0.6515625 0.70546875 0.11328125 0.17578125