1 0.484375 0.5625 0.096875 0.10859375
1 0.55703125 0.55703125 0.065625 0.128125
1 0.64765625 0.528125 0.05390625 0.1234375
1 0.7625 0.528125 0.0890625 0.1234375
1 0.90625 0.33046875 0.07578125 0.11484375
1 0.82734375 0.271875 0.05625 0.11640625
1 0.74140625 0.26484375 0.0640625 0.11484375
1 0.66015625 0.278125 0.05234375 0.14296875
1 0.55234375 0.27265625 0.059375 0.13828125
1 0.49375 0.21328125 0.0640625 0.1265625
1 0.4421875 0.2125 0.04453125 0.11015625
1 0.3890625 0.2359375 0.07578125 0.1578125
3 0.3765625 0.440625 0.13125 0.26171875
3 0.475 0.43359375 0.04765625 0.1515625
3 0.546875 0.43515625 0.08359375 0.153125
3 0.65546875 0.4171875 0.0984375 0.1234375
3 0.81171875 0.44609375 0.11171875 0.20859375
3 0.9046875 0.50234375 0.10546875 0.23671875
3 0.47890625 0.7921875 0.11015625 0.2453125
3 0.78046875 0.6828125 0.11015625 0.159375
3 0.65546875 0.696875 0.11328125 0.17578125