1 0.12109375 0.3546875 0.0921875 0.13984375
1 0.26875 0.35625 0.065625 0.11171875
1 0.31953125 0.36640625 0.07890625 0.128125
1 0.4671875 0.35625 0.04609375 0.11171875
1 0.55546875 0.3609375 0.05625 0.14140625
1 0.6578125 0.3625 0.05625 0.10703125
1 0.8015625 0.3765625 0.07421875 0.14765625
1 0.85234375 0.378125 0.0609375 0.13828125
3 0.11640625 0.5375 0.13515625 0.23828125
3 0.334375 0.55625 0.11171875 0.23828125
3 0.45625 0.50859375 0.090625 0.19765625
3 0.5359375 0.52265625 0.0890625 0.20390625
3 0.6578125 0.5171875 0.10546875 0.20859375
3 0.7796875 0.546875 0.096875 0.26328125
3 0.85390625 0.534375 0.065625 0.18125