1 0.09453125 0.39453125 0.0890625 0.13359375
1 0.234375 0.39609375 0.0625 0.10703125
1 0.2828125 0.40703125 0.07421875 0.121875
1 0.421875 0.39609375 0.04296875 0.10703125
1 0.5046875 0.40078125 0.05234375 0.13359375
1 0.603125 0.40234375 0.05234375 0.1
1 0.73828125 0.415625 0.07109375 0.13984375
1 0.7859375 0.4171875 0.0578125 0.1296875
3 0.090625 0.56796875 0.1265625 0.2234375
3 0.296875 0.58515625 0.10546875 0.225
3 0.41171875 0.540625 0.08515625 0.1875
3 0.4875 0.55546875 0.08359375 0.1921875
3 0.603125 0.5484375 0.0984375 0.19921875
3 0.71796875 0.57734375 0.0921875 0.2484375
3 0.78671875 0.56484375 0.0625 0.17265625