1 0.10703125 0.41484375 0.08515625 0.1296875
1 0.24453125 0.415625 0.0625 0.10546875
1 0.2921875 0.42578125 0.07265625 0.1203125
1 0.428125 0.415625 0.04140625 0.10546875
1 0.5109375 0.4203125 0.05078125 0.13125
1 0.60703125 0.421875 0.05078125 0.0984375
1 0.73984375 0.434375 0.06875 0.13671875
1 0.7875 0.4359375 0.05625 0.128125
3 0.103125 0.584375 0.125 0.221875
3 0.30625 0.60234375 0.10390625 0.221875
3 0.41953125 0.55703125 0.08515625 0.184375
3 0.49375 0.571875 0.08359375 0.1890625
3 0.60703125 0.565625 0.096875 0.19609375
3 0.7203125 0.59296875 0.090625 0.2453125
3 0.78828125 0.58125 0.0625 0.16796875