1 0.67421875 0.33203125 0.065625 0.13671875
1 0.4875 0.36796875 0.065625 0.10390625
1 0.509375 0.2375 0.04140625 0.08359375
1 0.38359375 0.565625 0.11171875 0.17265625
1 0.21171875 0.3921875 0.0609375 0.14453125
1 0.31015625 0.4484375 0.05078125 0.0953125
1 0.29375 0.23984375 0.0609375 0.096875
1 0.20703125 0.24453125 0.04296875 0.0640625
1 0.09921875 0.25859375 0.0890625 0.1234375
1 0.02734375 0.30625 0.05390625 0.10859375
3 0.034375 0.4578125 0.06875 0.17109375
3 0.2046875 0.56953125 0.07578125 0.2203125
3 0.44375 0.43828125 0.10703125 0.1234375
0 0.28046875 0.92578125 0.11484375 0.11640625