1 0.7515625 0.36796875 0.07109375 0.14609375
1 0.55234375 0.40625 0.07109375 0.11171875
1 0.57578125 0.2671875 0.04296875 0.090625
1 0.43984375 0.61796875 0.11875 0.1828125
1 0.25703125 0.43203125 0.0640625 0.1546875
1 0.36171875 0.49140625 0.05390625 0.10390625
1 0.3453125 0.26875 0.0640625 0.10390625
1 0.25234375 0.27421875 0.04609375 0.06875
1 0.13828125 0.28828125 0.09375 0.13359375
1 0.046875 0.33828125 0.07734375 0.11171875
3 0.0609375 0.5 0.08203125 0.17890625
3 0.25 0.621875 0.08046875 0.23515625
3 0.50546875 0.48125 0.11328125 0.13359375
0 0.33203125 0.96796875 0.125 0.05625