1 0.72890625 0.365625 0.0671875 0.13828125
1 0.53984375 0.40234375 0.0671875 0.10703125
1 0.5609375 0.2703125 0.04140625 0.08515625
1 0.4328125 0.60390625 0.11328125 0.17578125
1 0.25859375 0.4265625 0.0625 0.14609375
1 0.3578125 0.48359375 0.05078125 0.0984375
1 0.3421875 0.271875 0.0625 0.0984375
1 0.25390625 0.2765625 0.04453125 0.065625
1 0.14453125 0.290625 0.0890625 0.1265625
1 0.05859375 0.3375 0.07421875 0.10703125
3 0.071875 0.49140625 0.07890625 0.17109375
3 0.2515625 0.6078125 0.07578125 0.2234375
3 0.49453125 0.4734375 0.10859375 0.125
0 0.3296875 0.953125 0.11875 0.08515625