1 0.5 0.51484375 0.1578125 0.46015625
1 0.26640625 0.5578125 0.13125 0.31875
1 0.246875 0.425 0.10859375 0.26953125
1 0.30703125 0.10859375 0.07109375 0.2171875
1 0.01796875 0.09921875 0.0359375 0.1984375
1 0.49765625 0.103125 0.08203125 0.1921875
1 0.58046875 0.10078125 0.0765625 0.2015625
1 0.690625 0.09921875 0.075 0.1984375
1 0.78671875 0.13984375 0.10859375 0.2796875
1 0.846875 0.3578125 0.14453125 0.35234375
1 0.9640625 0.43046875 0.06875 0.39296875
1 0.91640625 0.13046875 0.0921875 0.22734375
3 0.209375 0.7703125 0.215625 0.45546875
3 0.87265625 0.7703125 0.253125 0.45546875
3 0.66640625 0.36171875 0.159375 0.29140625
3 0.05859375 0.3453125 0.11640625 0.32734375