1 0.4984375 0.5609375 0.14140625 0.4078125
1 0.290625 0.59921875 0.11640625 0.2828125
1 0.27265625 0.48203125 0.0953125 0.23984375
1 0.3265625 0.18671875 0.0609375 0.2171875
1 0.053125 0.16796875 0.0609375 0.2203125
1 0.49609375 0.19609375 0.07421875 0.17109375
1 0.56875 0.16484375 0.0640625 0.23359375
1 0.6671875 0.1875 0.065625 0.1828125
1 0.75234375 0.221875 0.0953125 0.25859375
1 0.80625 0.421875 0.128125 0.3125
1 0.9390625 0.48515625 0.1203125 0.346875
1 0.86796875 0.2203125 0.08203125 0.20078125
3 0.23984375 0.7921875 0.190625 0.4125
3 0.84765625 0.7921875 0.26328125 0.4125
3 0.6453125 0.425 0.14296875 0.25859375
3 0.07890625 0.4109375 0.15625 0.28984375