1 0.48828125 0.52890625 0.1515625 0.4375
1 0.26484375 0.56875 0.1265625 0.30234375
1 0.24609375 0.44296875 0.10390625 0.25859375
1 0.303125 0.12578125 0.065625 0.23359375
1 0.02265625 0.1140625 0.0453125 0.228125
1 0.48515625 0.1359375 0.07890625 0.184375
1 0.56484375 0.11484375 0.0703125 0.2296875
1 0.66953125 0.12734375 0.07109375 0.19609375
1 0.76171875 0.16484375 0.10390625 0.2765625
1 0.81796875 0.37890625 0.13671875 0.33515625
1 0.94765625 0.446875 0.10234375 0.3734375
1 0.884375 0.1625 0.0875 0.215625
3 0.21171875 0.77734375 0.20546875 0.44375
3 0.8609375 0.77734375 0.2765625 0.44375
3 0.64609375 0.38203125 0.153125 0.2765625
3 0.06171875 0.36875 0.1234375 0.3125