1 0.221875 0.31015625 0.10859375 0.16796875
1 0.3625 0.325 0.05390625 0.16640625
1 0.45859375 0.33203125 0.07734375 0.14453125
1 0.58984375 0.31875 0.08203125 0.13125
1 0.809375 0.334375 0.09375 0.1546875
3 0.20078125 0.52421875 0.1828125 0.2828125
3 0.3484375 0.49375 0.11328125 0.2453125
3 0.46328125 0.490625 0.1296875 0.2125
3 0.61171875 0.48125 0.13828125 0.20078125
3 0.81015625 0.509375 0.14453125 0.23984375
0 0.0953125 0.66328125 0.08359375 0.10234375
0 0.278125 0.6921875 0.0609375 0.10546875
0 0.67109375 0.61640625 0.0578125 0.07421875
0 0.54375 0.63671875 0.04609375 0.07109375
0 0.73125 0.66171875 0.05234375 0.07421875
0 0.8578125 0.671875 0.0640625 0.090625