1 0.24921875 0.4421875 0.07109375 0.2796875
1 0.35546875 0.384375 0.07265625 0.22734375
1 0.6625 0.3453125 0.0671875 0.153125
1 0.7515625 0.365625 0.034375 0.0984375
1 0.8484375 0.36328125 0.05078125 0.221875
3 0.22265625 0.69609375 0.090625 0.41640625
3 0.35390625 0.66328125 0.0953125 0.3703125
3 0.678125 0.5625 0.08046875 0.29140625
3 0.86953125 0.69296875 0.08203125 0.371875
3 0.78828125 0.5359375 0.04921875 0.1875
3 0.7484375 0.5 0.05234375 0.16640625
3 0.91171875 0.509375 0.04296875 0.184375
1 0.90390625 0.36640625 0.025 0.08203125