1 0.24921875 0.44453125 0.07109375 0.28125
1 0.35546875 0.38671875 0.07265625 0.22734375
1 0.6625 0.34765625 0.0671875 0.153125
1 0.7515625 0.36796875 0.034375 0.0984375
1 0.8484375 0.365625 0.05078125 0.221875
3 0.22265625 0.6984375 0.090625 0.41640625
3 0.35390625 0.66640625 0.0953125 0.3703125
3 0.678125 0.56484375 0.08046875 0.29140625
3 0.86953125 0.69609375 0.08203125 0.3734375
3 0.78828125 0.53828125 0.04921875 0.1875
3 0.7484375 0.50234375 0.05234375 0.16640625
3 0.91171875 0.51171875 0.04296875 0.184375
1 0.90390625 0.36953125 0.025 0.08203125