1 0.21953125 0.30234375 0.10859375 0.16640625
1 0.359375 0.3171875 0.05390625 0.1625
1 0.45390625 0.325 0.07578125 0.14296875
1 0.58359375 0.31171875 0.08046875 0.1296875
1 0.80078125 0.32734375 0.0921875 0.1515625
3 0.19921875 0.51484375 0.17890625 0.28125
3 0.34453125 0.484375 0.11171875 0.24140625
3 0.4578125 0.48203125 0.128125 0.21015625
3 0.60625 0.471875 0.13671875 0.19921875
3 0.8015625 0.5 0.14453125 0.23828125
0 0.09453125 0.65390625 0.08203125 0.10234375
0 0.27578125 0.68203125 0.0609375 0.10390625
0 0.66484375 0.60703125 0.0578125 0.07421875
0 0.5375 0.6265625 0.04453125 0.06875
0 0.7234375 0.6515625 0.05078125 0.07421875
0 0.8484375 0.6609375 0.0640625 0.090625