1 0.15234375 0.22734375 0.1234375 0.190625
1 0.3125 0.24375 0.0625 0.1875
1 0.421875 0.25234375 0.0875 0.16640625
1 0.571875 0.23671875 0.09375 0.15
1 0.821875 0.2546875 0.10546875 0.17421875
3 0.128125 0.4703125 0.20703125 0.32265625
3 0.29609375 0.4359375 0.1296875 0.278125
3 0.4265625 0.43359375 0.14609375 0.24375
3 0.59609375 0.42109375 0.1578125 0.23046875
3 0.82265625 0.45390625 0.16640625 0.27265625
0 0.02890625 0.63125 0.0578125 0.11875
0 0.21640625 0.66171875 0.07109375 0.11875
0 0.66484375 0.57578125 0.065625 0.08359375
0 0.51796875 0.59921875 0.05234375 0.08046875
0 0.7328125 0.62734375 0.059375 0.08359375
0 0.8765625 0.6390625 0.07421875 0.10390625