1 0.18984375 0.459375 0.07734375 0.3109375
1 0.309375 0.3953125 0.07890625 0.2515625
1 0.6515625 0.35234375 0.07421875 0.16953125
1 0.75078125 0.37421875 0.03984375 0.11015625
1 0.8578125 0.371875 0.0578125 0.246875
3 0.1609375 0.740625 0.1 0.46015625
3 0.30703125 0.70546875 0.10703125 0.4109375
3 0.66875 0.59296875 0.0890625 0.32265625
3 0.88046875 0.73828125 0.0921875 0.41484375
3 0.79140625 0.5640625 0.05625 0.20703125
3 0.74609375 0.52421875 0.059375 0.184375
3 0.928125 0.53359375 0.04921875 0.20390625
1 0.91953125 0.37578125 0.028125 0.0921875