1 0.32578125 0.59296875 0.06875 0.16640625
1 0.60078125 0.465625 0.0921875 0.11328125
1 0.71484375 0.66796875 0.221875 0.3734375
1 0.5640625 0.6671875 0.0890625 0.26796875
1 0.20078125 0.521875 0.0625 0.1265625
1 0.2234375 0.6453125 0.08203125 0.1296875
1 0.04609375 0.5765625 0.0921875 0.16953125
1 0.39453125 0.51640625 0.05234375 0.11171875
1 0.4390625 0.48828125 0.04296875 0.08046875
1 0.49140625 0.48125 0.04296875 0.11640625
1 0.9234375 0.55078125 0.1 0.16796875
1 0.88125 0.43984375 0.05390625 0.10390625
1 0.7703125 0.428125 0.07109375 0.1203125
1 0.70703125 0.45078125 0.05078125 0.06875
1 0.34921875 0.48046875 0.0625 0.0953125