1 0.32890625 0.61015625 0.06875 0.16796875
1 0.6078125 0.48125 0.09375 0.11484375
1 0.72265625 0.68515625 0.2234375 0.378125
1 0.57109375 0.684375 0.090625 0.27109375
1 0.20234375 0.5375 0.0625 0.128125
1 0.22578125 0.6625 0.08359375 0.13125
1 0.046875 0.59296875 0.09375 0.17109375
1 0.4 0.53203125 0.05390625 0.11328125
1 0.44375 0.50390625 0.04296875 0.08203125
1 0.49765625 0.496875 0.04453125 0.11875
1 0.934375 0.5671875 0.10234375 0.16953125
1 0.8921875 0.4546875 0.05390625 0.10390625
1 0.7796875 0.44296875 0.07265625 0.121875
1 0.715625 0.465625 0.05078125 0.06875
1 0.35390625 0.49609375 0.0625 0.0953125