1 0.3328125 0.59609375 0.06875 0.16640625
1 0.6078125 0.46953125 0.0921875 0.11328125
1 0.7203125 0.67109375 0.2203125 0.371875
1 0.57109375 0.66953125 0.0890625 0.26796875
1 0.20859375 0.52578125 0.0625 0.1265625
1 0.23203125 0.64921875 0.08203125 0.1296875
1 0.0515625 0.57890625 0.103125 0.1734375
1 0.40234375 0.51953125 0.05234375 0.11171875
1 0.44609375 0.49296875 0.04296875 0.08046875
1 0.49921875 0.484375 0.04296875 0.11640625
1 0.928125 0.55390625 0.1 0.16796875
1 0.8875 0.44375 0.05390625 0.10390625
1 0.7765625 0.43203125 0.07109375 0.11875
1 0.71328125 0.45390625 0.05078125 0.0671875
1 0.35703125 0.48359375 0.0609375 0.09375