1 0.2625 0.234375 0.13359375 0.2765625
1 0.45703125 0.2046875 0.065625 0.14609375
1 0.48671875 0.49296875 0.11328125 0.16796875
1 0.60703125 0.415625 0.096875 0.221875
1 0.72890625 0.42265625 0.14453125 0.26328125
1 0.83203125 0.4171875 0.13359375 0.30625
1 0.8875 0.70859375 0.16796875 0.3140625
3 0.46796875 0.353125 0.17890625 0.13515625
3 0.44921875 0.6734375 0.05078125 0.20703125
3 0.59609375 0.6765625 0.13359375 0.28984375
3 0.7140625 0.77734375 0.13828125 0.40625
3 0.9015625 0.91015625 0.17734375 0.17734375