1 0.11328125 0.41875 0.07734375 0.10390625
1 0.9171875 0.4359375 0.0984375 0.1296875
1 0.9828125 0.384375 0.0328125 0.0953125
1 0.6828125 0.4234375 0.05078125 0.10546875
1 0.775 0.4046875 0.07109375 0.11484375
1 0.33671875 0.4265625 0.0328125 0.0625
1 0.3640625 0.4359375 0.0359375 0.04921875
1 0.3921875 0.4171875 0.0375 0.0609375
1 0.4328125 0.42109375 0.0328125 0.065625
1 0.47109375 0.434375 0.03125 0.07109375
1 0.51484375 0.4359375 0.05390625 0.07421875
1 0.57421875 0.403125 0.05625 0.0984375
1 0.62265625 0.415625 0.0359375 0.0578125
1 0.73671875 0.42578125 0.034375 0.0671875
3 0.11328125 0.54140625 0.090625 0.14609375
3 0.33359375 0.50703125 0.0296875 0.07890625
3 0.3625 0.50703125 0.0359375 0.08203125
3 0.39921875 0.50234375 0.04765625 0.0921875
3 0.43828125 0.50703125 0.0375 0.10390625
3 0.4703125 0.51875 0.04453125 0.11875
3 0.52109375 0.53359375 0.04921875 0.11171875
3 0.58046875 0.5203125 0.0609375 0.13515625
3 0.678125 0.5609375 0.090625 0.17734375
3 0.78984375 0.5734375 0.1 0.21015625
3 0.925 0.6140625 0.14609375 0.22890625