1 0.1 0.36171875 0.065625 0.090625
1 0.79609375 0.3765625 0.08515625 0.11328125
1 0.896875 0.3921875 0.0625 0.10703125
1 0.865625 0.33203125 0.05625 0.08203125
1 0.5921875 0.365625 0.04453125 0.0921875
1 0.67265625 0.35 0.0609375 0.1
1 0.29296875 0.36953125 0.028125 0.05390625
1 0.3171875 0.3765625 0.03125 0.04296875
1 0.34140625 0.3609375 0.0328125 0.05234375
1 0.37578125 0.3640625 0.0265625 0.05625
1 0.409375 0.37578125 0.0265625 0.0609375
1 0.44765625 0.3765625 0.04765625 0.0640625
1 0.4984375 0.3484375 0.04765625 0.08359375
1 0.54140625 0.359375 0.03125 0.04921875
1 0.63984375 0.36875 0.028125 0.059375
3 0.1 0.46796875 0.07890625 0.1265625
3 0.290625 0.4390625 0.025 0.06875
3 0.315625 0.4390625 0.03125 0.07265625
3 0.346875 0.43515625 0.04140625 0.08046875
3 0.38046875 0.4390625 0.0328125 0.090625
3 0.40859375 0.44921875 0.03984375 0.10234375
3 0.453125 0.4625 0.04296875 0.096875
3 0.50390625 0.45078125 0.05234375 0.11640625
3 0.5890625 0.4859375 0.07890625 0.1546875
3 0.6859375 0.496875 0.0875 0.1828125
3 0.80546875 0.53125 0.13125 0.19609375
3 0.921875 0.53125 0.11015625 0.17578125