1 0.0734375 0.3890625 0.07421875 0.1
1 0.85078125 0.40546875 0.0953125 0.1265625
1 0.96484375 0.42265625 0.06875 0.1203125
1 0.93046875 0.35546875 0.0625 0.0921875
1 0.62421875 0.39375 0.05078125 0.10234375
1 0.7140625 0.375 0.0671875 0.11171875
1 0.28828125 0.39609375 0.03125 0.0609375
1 0.31640625 0.40546875 0.0359375 0.04765625
1 0.34375 0.3875 0.0359375 0.059375
1 0.38125 0.39140625 0.0296875 0.0625
1 0.41953125 0.4046875 0.0296875 0.06875
1 0.4625 0.40546875 0.05234375 0.07109375
1 0.51875 0.37421875 0.05390625 0.0953125
1 0.56640625 0.3859375 0.034375 0.05625
1 0.6765625 0.3953125 0.0328125 0.0671875
3 0.0734375 0.50859375 0.0890625 0.14140625
3 0.2859375 0.475 0.028125 0.07734375
3 0.31484375 0.475 0.0359375 0.08046875
3 0.34921875 0.4703125 0.04453125 0.090625
3 0.3875 0.475 0.0359375 0.1
3 0.41875 0.4859375 0.04296875 0.11484375
3 0.46796875 0.50078125 0.04765625 0.10859375
3 0.52578125 0.4875 0.059375 0.1296875
3 0.6203125 0.52734375 0.0875 0.17265625
3 0.728125 0.53984375 0.096875 0.20390625
3 0.86171875 0.578125 0.14609375 0.2203125
3 0.96484375 0.5796875 0.0671875 0.19921875