1 0.0734375 0.515625 0.05390625 0.11640625
1 0.125 0.51015625 0.0359375 0.128125
1 0.18046875 0.49453125 0.05625 0.128125
1 0.2953125 0.45546875 0.05078125 0.15625
1 0.359375 0.52578125 0.05390625 0.13125
1 0.41796875 0.5125 0.0640625 0.1234375
1 0.48046875 0.54609375 0.05390625 0.14140625
1 0.590625 0.553125 0.07421875 0.14296875
1 0.59296875 0.45078125 0.10859375 0.121875
1 0.69921875 0.48515625 0.08046875 0.14140625
1 0.79375 0.48125 0.07421875 0.159375
1 0.8484375 0.48359375 0.0671875 0.17265625
1 0.9375 0.471875 0.07734375 0.153125