1 0.09765625 0.50234375 0.05078125 0.11015625
1 0.14609375 0.496875 0.0328125 0.1203125
1 0.1984375 0.48203125 0.05234375 0.1203125
1 0.30703125 0.44453125 0.04921875 0.14765625
1 0.36640625 0.51171875 0.05078125 0.125
1 0.42265625 0.49921875 0.0609375 0.11640625
1 0.48203125 0.53046875 0.05078125 0.13359375
1 0.58515625 0.5375 0.07109375 0.13515625
1 0.5875 0.440625 0.10234375 0.11484375
1 0.68828125 0.4734375 0.07578125 0.13359375
1 0.77734375 0.46953125 0.07109375 0.15
1 0.82890625 0.47109375 0.0640625 0.1625
1 0.9125 0.46171875 0.07421875 0.14609375
1 0.98203125 0.4578125 0.0328125 0.15625