1 0.09609375 0.5109375 0.05078125 0.10703125
1 0.14375 0.5046875 0.0328125 0.11875
1 0.19609375 0.490625 0.05078125 0.11875
1 0.3015625 0.45390625 0.04765625 0.14609375
1 0.3609375 0.51953125 0.05078125 0.1234375
1 0.415625 0.50703125 0.059375 0.11328125
1 0.4734375 0.53828125 0.05078125 0.13125
1 0.5765625 0.54609375 0.0671875 0.13359375
1 0.578125 0.45 0.1 0.11171875
1 0.6765625 0.4828125 0.07421875 0.13125
1 0.76484375 0.47890625 0.0671875 0.14765625
1 0.81484375 0.48046875 0.0625 0.159375
1 0.89765625 0.46953125 0.07265625 0.14296875
1 0.97421875 0.4671875 0.04921875 0.1546875