1 0.0359375 0.5484375 0.071875 0.146875
1 0.16328125 0.55859375 0.05390625 0.0921875
1 0.2328125 0.575 0.0609375 0.0875
1 0.2671875 0.525 0.059375 0.10390625
1 0.38046875 0.60546875 0.05625 0.10234375
1 0.49453125 0.640625 0.08359375 0.14765625
1 0.6109375 0.590625 0.096875 0.1578125
1 0.80703125 0.65 0.1203125 0.17421875
1 0.91328125 0.63359375 0.1 0.159375
1 0.440625 0.56015625 0.05625 0.08203125
1 0.71640625 0.62890625 0.0671875 0.1578125
1 0.78046875 0.54296875 0.10703125 0.07890625
3 0.0265625 0.71953125 0.05234375 0.2546875
3 0.23046875 0.72421875 0.08359375 0.23046875
3 0.49375 0.85078125 0.13125 0.2875
3 0.634375 0.82890625 0.13671875 0.340625
3 0.8125 0.8609375 0.17578125 0.275
3 0.92578125 0.83359375 0.10390625 0.23359375