1 0.1140625 0.5828125 0.06875 0.13515625
1 0.23671875 0.59296875 0.05078125 0.08515625
1 0.3015625 0.609375 0.0578125 0.08203125
1 0.33359375 0.56171875 0.05625 0.096875
1 0.440625 0.6375 0.05234375 0.0953125
1 0.54765625 0.6703125 0.07890625 0.13828125
1 0.65703125 0.6234375 0.090625 0.14609375
1 0.840625 0.678125 0.11328125 0.1625
1 0.940625 0.66328125 0.09375 0.15
1 0.496875 0.59453125 0.05234375 0.07734375
1 0.75546875 0.659375 0.0640625 0.14765625
1 0.81640625 0.57890625 0.1 0.07421875
3 0.075 0.74375 0.11328125 0.23828125
3 0.3 0.74921875 0.07890625 0.2171875
3 0.546875 0.865625 0.125 0.26640625
3 0.678125 0.84296875 0.128125 0.3125
3 0.84609375 0.8734375 0.16640625 0.25
3 0.9515625 0.853125 0.09375 0.221875