1 0.1140625 0.609375 0.07421875 0.14609375
1 0.24765625 0.6203125 0.05625 0.09375
1 0.31796875 0.63828125 0.0625 0.0890625
1 0.35390625 0.58671875 0.059375 0.10546875
1 0.46953125 0.66875 0.0578125 0.10390625
1 0.584375 0.7046875 0.08359375 0.1515625
1 0.70390625 0.65390625 0.0984375 0.159375
1 0.90390625 0.7140625 0.1234375 0.17578125
1 0.98046875 0.69765625 0.0375 0.16484375
1 0.53046875 0.62265625 0.0578125 0.08359375
1 0.8109375 0.69296875 0.06875 0.159375
1 0.8765625 0.60546875 0.10859375 0.08046875
3 0.07265625 0.78359375 0.1234375 0.26015625
3 0.31640625 0.790625 0.08515625 0.23515625
3 0.584375 0.8859375 0.13671875 0.225
3 0.72734375 0.8609375 0.13984375 0.2765625
3 0.909375 0.89375 0.17890625 0.20859375
3 0.9859375 0.890625 0.0265625 0.2171875