1 0.16875 0.2515625 0.07890625 0.14140625
1 0.2671875 0.2640625 0.07578125 0.14296875
1 0.38359375 0.2796875 0.065625 0.16640625
1 0.45859375 0.26953125 0.059375 0.14296875
1 0.60546875 0.20625 0.08359375 0.20546875
1 0.7046875 0.17734375 0.0875 0.2203125
1 0.83046875 0.2390625 0.05078125 0.1234375
1 0.8859375 0.29140625 0.07890625 0.13359375
3 0.17265625 0.42109375 0.08359375 0.17109375
3 0.26796875 0.43359375 0.11171875 0.19609375
3 0.3703125 0.45 0.0640625 0.2171875
3 0.46640625 0.4375 0.10703125 0.19765625
3 0.54296875 0.4375 0.05625 0.21015625
3 0.61015625 0.4421875 0.07421875 0.2453125
3 0.68359375 0.44453125 0.11875 0.3109375
3 0.8328125 0.3609375 0.0671875 0.14609375
3 0.88984375 0.4875 0.08359375 0.2125