1 0.1 0.18984375 0.08359375 0.1515625
1 0.20546875 0.20390625 0.08046875 0.153125
1 0.328125 0.2203125 0.07109375 0.17578125
1 0.40859375 0.209375 0.0625 0.1515625
1 0.56328125 0.1421875 0.0890625 0.21875
1 0.67109375 0.115625 0.0953125 0.23125
1 0.803125 0.17734375 0.05390625 0.13125
1 0.86171875 0.2328125 0.08359375 0.14140625
3 0.1046875 0.37109375 0.0890625 0.18125
3 0.20546875 0.384375 0.11640625 0.20703125
3 0.3140625 0.4015625 0.06875 0.23203125
3 0.41640625 0.38828125 0.11328125 0.21015625
3 0.49765625 0.38828125 0.059375 0.2234375
3 0.56875 0.39375 0.07890625 0.26171875
3 0.646875 0.39609375 0.1265625 0.33046875
3 0.80625 0.30703125 0.07265625 0.15625
3 0.86640625 0.44140625 0.0890625 0.22734375