1 0.140625 0.225 0.08046875 0.14453125
1 0.23984375 0.23828125 0.07578125 0.14453125
1 0.35625 0.25390625 0.0671875 0.16640625
1 0.4328125 0.24453125 0.059375 0.14453125
1 0.5796875 0.18046875 0.08359375 0.20703125
1 0.68046875 0.1515625 0.0890625 0.221875
1 0.80703125 0.2140625 0.05078125 0.125
1 0.8625 0.265625 0.07890625 0.13359375
3 0.14375 0.39609375 0.08359375 0.17109375
3 0.23984375 0.409375 0.11171875 0.19765625
3 0.34296875 0.42578125 0.065625 0.21875
3 0.43984375 0.4125 0.10703125 0.19921875
3 0.51640625 0.4125 0.05625 0.2125
3 0.58515625 0.41796875 0.07421875 0.246875
3 0.65859375 0.42109375 0.1203125 0.3125
3 0.809375 0.33515625 0.06875 0.14609375
3 0.86640625 0.4640625 0.08359375 0.2140625