1 0.19765625 0.425 0.0625 0.11875
1 0.26953125 0.4328125 0.07265625 0.13828125
1 0.3734375 0.3390625 0.0671875 0.13515625
1 0.440625 0.39921875 0.065625 0.0984375
1 0.49453125 0.38203125 0.04765625 0.13984375
1 0.5953125 0.4046875 0.04765625 0.1234375
1 0.68515625 0.3640625 0.04921875 0.11484375
1 0.73671875 0.359375 0.04140625 0.11640625
1 0.83359375 0.35546875 0.059375 0.14765625
1 0.32890625 0.37890625 0.0359375 0.0953125
0 0.45546875 0.61796875 0.0328125 0.0640625
0 0.55078125 0.65078125 0.028125 0.11015625
0 0.84375 0.53515625 0.04453125 0.0359375
0 0.90546875 0.59296875 0.0359375 0.10234375
0 0.20390625 0.49375 0.0375 0.08203125
3 0.18515625 0.58046875 0.0625 0.21015625
3 0.271875 0.59375 0.08515625 0.1921875
3 0.37421875 0.51875 0.10859375 0.21015625
3 0.49296875 0.5640625 0.0953125 0.2234375
3 0.58671875 0.5453125 0.07890625 0.20078125
3 0.6765625 0.52265625 0.07421875 0.20390625
3 0.75390625 0.52265625 0.03984375 0.1921875
3 0.8296875 0.53515625 0.07890625 0.2140625