1 0.21328125 0.43203125 0.065625 0.125
1 0.2875 0.43984375 0.07578125 0.14453125
1 0.39609375 0.34140625 0.06875 0.14140625
1 0.46640625 0.40390625 0.06875 0.10546875
1 0.521875 0.38671875 0.04921875 0.14609375
1 0.62734375 0.409375 0.04921875 0.128125
1 0.72109375 0.36796875 0.05078125 0.121875
1 0.775 0.3625 0.04296875 0.1234375
1 0.87578125 0.35859375 0.0625 0.1546875
1 0.35 0.38359375 0.0375 0.1
0 0.48203125 0.63359375 0.034375 0.0671875
0 0.58125 0.66796875 0.0296875 0.11484375
0 0.88671875 0.546875 0.04609375 0.0375
0 0.95078125 0.6078125 0.0375 0.10546875
0 0.21953125 0.503125 0.03984375 0.0875
3 0.19921875 0.59453125 0.065625 0.221875
3 0.290625 0.60859375 0.0875 0.20078125
3 0.39609375 0.53046875 0.11328125 0.221875
3 0.51953125 0.57734375 0.0984375 0.23515625
3 0.61796875 0.5578125 0.08203125 0.21015625
3 0.71328125 0.534375 0.07578125 0.2140625
3 0.79375 0.534375 0.04140625 0.20078125
3 0.871875 0.546875 0.08203125 0.2234375