1 0.17890625 0.3734375 0.0671875 0.128125
1 0.25625 0.38125 0.07734375 0.15
1 0.36875 0.28046875 0.07265625 0.14609375
1 0.44140625 0.34453125 0.07109375 0.10703125
1 0.49921875 0.3265625 0.05078125 0.1515625
1 0.60859375 0.35 0.05078125 0.13125
1 0.70546875 0.30703125 0.05234375 0.125
1 0.7609375 0.3015625 0.04453125 0.1265625
1 0.865625 0.29765625 0.0640625 0.159375
1 0.32109375 0.32421875 0.04140625 0.10390625
0 0.4578125 0.58203125 0.034375 0.06875
0 0.5609375 0.61796875 0.0296875 0.11875
0 0.87734375 0.49296875 0.04765625 0.03984375
0 0.94296875 0.55546875 0.03984375 0.11015625
0 0.1859375 0.44765625 0.03984375 0.0890625
3 0.165625 0.54140625 0.0671875 0.22890625
3 0.26015625 0.55625 0.0921875 0.20703125
3 0.36953125 0.475 0.11875 0.22890625
3 0.49765625 0.52421875 0.10234375 0.24375
3 0.5984375 0.503125 0.08359375 0.21875
3 0.696875 0.4796875 0.07890625 0.2203125
3 0.78046875 0.4796875 0.04140625 0.20703125
3 0.86171875 0.49296875 0.08515625 0.23046875