1 0.47421875 0.1609375 0.04140625 0.10546875
1 0.52109375 0.225 0.07578125 0.11328125
1 0.64140625 0.209375 0.065625 0.10859375
1 0.68984375 0.17890625 0.05234375 0.0984375
1 0.7453125 0.20546875 0.07421875 0.13671875
0 0.53203125 0.65390625 0.0625 0.059375
0 0.596875 0.66171875 0.059375 0.07421875
0 0.74375 0.65625 0.09375 0.065625
0 0.17734375 0.52109375 0.04609375 0.11875
3 0.22734375 0.36875 0.1234375 0.2484375
3 0.32890625 0.27890625 0.10703125 0.14140625
3 0.5359375 0.54609375 0.1265625 0.17421875
3 0.709375 0.54921875 0.14609375 0.1546875
3 0.846875 0.53828125 0.1515625 0.21875
3 0.63359375 0.378125 0.0890625 0.20859375
3 0.75390625 0.34921875 0.15625 0.1609375
3 0.5203125 0.35 0.08203125 0.1234375