1 0.46875 0.1734375 0.03984375 0.10234375
1 0.5140625 0.2359375 0.07421875 0.11015625
1 0.6296875 0.22109375 0.0640625 0.10546875
1 0.6765625 0.19140625 0.05078125 0.0953125
1 0.73125 0.2171875 0.07421875 0.13359375
0 0.525 0.65078125 0.0609375 0.0578125
0 0.5875 0.65859375 0.0578125 0.07265625
0 0.72890625 0.653125 0.090625 0.0625
0 0.18125 0.52265625 0.04609375 0.11328125
3 0.22890625 0.37421875 0.121875 0.23984375
3 0.32734375 0.2875 0.10390625 0.13671875
3 0.52890625 0.546875 0.1234375 0.16953125
3 0.696875 0.55 0.14140625 0.15
3 0.8296875 0.53984375 0.14609375 0.21015625
3 0.62265625 0.384375 0.0875 0.20234375
3 0.73984375 0.35625 0.1515625 0.1546875
3 0.51328125 0.35703125 0.07890625 0.11875