1 0.4625 0.1546875 0.04140625 0.10859375
1 0.51015625 0.22109375 0.07890625 0.11640625
1 0.63203125 0.2046875 0.0671875 0.11015625
1 0.68203125 0.1734375 0.05390625 0.1
1 0.73828125 0.20078125 0.07734375 0.13984375
0 0.5203125 0.65859375 0.0640625 0.0609375
0 0.5875 0.6671875 0.0609375 0.07578125
0 0.7359375 0.6609375 0.0953125 0.065625
0 0.1578125 0.52421875 0.04765625 0.1203125
3 0.20859375 0.36640625 0.1265625 0.253125
3 0.3125 0.27578125 0.10859375 0.14453125
3 0.52578125 0.5484375 0.1296875 0.17734375
3 0.70234375 0.5515625 0.15 0.1578125
3 0.84296875 0.54140625 0.1546875 0.221875
3 0.62421875 0.37734375 0.090625 0.2125
3 0.7484375 0.34765625 0.159375 0.16484375
3 0.509375 0.3484375 0.08359375 0.125