1 0.15625 0.3703125 0.08046875 0.19375
1 0.23984375 0.41796875 0.0375 0.11875
1 0.30546875 0.440625 0.07421875 0.16640625
1 0.4328125 0.35546875 0.07734375 0.15
1 0.54921875 0.4125 0.07265625 0.1546875
1 0.69765625 0.3859375 0.08046875 0.13984375
1 0.85546875 0.45546875 0.07109375 0.14609375
0 0.2328125 0.74921875 0.04921875 0.08203125
0 0.353125 0.7609375 0.03125 0.07421875
0 0.4859375 0.76875 0.03125 0.0578125
0 0.63828125 0.7453125 0.03984375 0.0578125
0 0.77734375 0.74921875 0.03984375 0.07890625
0 0.575 0.61171875 0.04296875 0.0921875
0 0.096875 0.7359375 0.04140625 0.10859375
3 0.1609375 0.5625 0.11328125 0.29140625
3 0.29453125 0.6140625 0.090625 0.2765625
3 0.42890625 0.56953125 0.128125 0.32421875
3 0.5359375 0.58984375 0.0875 0.3078125
3 0.7015625 0.58359375 0.1203125 0.26640625
3 0.84921875 0.66796875 0.121875 0.3078125