1 0.17578125 0.321875 0.1234375 0.20390625
1 0.30546875 0.2328125 0.09375 0.1890625
1 0.3921875 0.2984375 0.07890625 0.1921875
1 0.49140625 0.3578125 0.07734375 0.18125
1 0.615625 0.23359375 0.08359375 0.153125
1 0.72734375 0.253125 0.10859375 0.22890625
3 0.12421875 0.58515625 0.13125 0.3703125
3 0.27734375 0.4390625 0.11015625 0.3453125
3 0.51640625 0.47734375 0.13828125 0.13671875
3 0.49765625 0.70703125 0.14765625 0.08515625
3 0.63125 0.40234375 0.1265625 0.20078125
3 0.75625 0.50234375 0.1578125 0.32265625