1 0.23359375 0.26328125 0.1234375 0.20390625
1 0.36171875 0.175 0.0921875 0.1875
1 0.44921875 0.240625 0.07890625 0.190625
1 0.54765625 0.29921875 0.07734375 0.18125
1 0.67109375 0.17578125 0.08203125 0.1515625
1 0.78203125 0.19609375 0.10859375 0.22890625
3 0.1828125 0.52578125 0.1296875 0.36640625
3 0.334375 0.3796875 0.11015625 0.3421875
3 0.57265625 0.41796875 0.13671875 0.13515625
3 0.553125 0.64609375 0.14609375 0.08359375
3 0.6875 0.34296875 0.1265625 0.19921875
3 0.8109375 0.4421875 0.1578125 0.32109375