1 0.14921875 0.41640625 0.08359375 0.20234375
1 0.2359375 0.465625 0.03984375 0.1234375
1 0.30390625 0.48984375 0.07734375 0.17265625
1 0.43671875 0.40078125 0.08203125 0.15625
1 0.55859375 0.46015625 0.07421875 0.1625
1 0.71328125 0.4328125 0.08203125 0.14609375
1 0.87734375 0.5046875 0.07421875 0.153125
0 0.22890625 0.81171875 0.05234375 0.0875
0 0.35390625 0.82421875 0.0328125 0.07734375
0 0.49140625 0.83203125 0.0328125 0.059375
0 0.6515625 0.8078125 0.04140625 0.059375
0 0.79609375 0.81171875 0.04140625 0.08203125
0 0.584375 0.66875 0.04453125 0.096875
0 0.0875 0.79765625 0.04296875 0.11328125
3 0.15390625 0.61640625 0.11875 0.30234375
3 0.29296875 0.67109375 0.0953125 0.2875
3 0.43359375 0.62421875 0.13359375 0.3375
3 0.5453125 0.6453125 0.0890625 0.32109375
3 0.7171875 0.6390625 0.1265625 0.278125
3 0.871875 0.72734375 0.1265625 0.32109375