1 0.10546875 0.37109375 0.08515625 0.20703125
1 0.19453125 0.421875 0.03984375 0.1265625
1 0.26484375 0.44765625 0.07890625 0.17734375
1 0.4 0.3546875 0.08359375 0.1578125
1 0.525 0.4171875 0.07578125 0.16640625
1 0.6828125 0.3875 0.08515625 0.15
1 0.85234375 0.4625 0.07421875 0.15625
0 0.1875 0.7765625 0.05234375 0.0890625
0 0.31484375 0.78984375 0.0328125 0.07890625
0 0.45703125 0.79765625 0.034375 0.0609375
0 0.6203125 0.77265625 0.04140625 0.0609375
0 0.76796875 0.7765625 0.04296875 0.08203125
0 0.5515625 0.6296875 0.04453125 0.0984375
0 0.04296875 0.7625 0.04453125 0.11640625
3 0.11015625 0.57734375 0.121875 0.3109375
3 0.253125 0.63203125 0.0953125 0.29609375
3 0.396875 0.584375 0.13515625 0.346875
3 0.5109375 0.60625 0.0921875 0.32890625
3 0.6875 0.59921875 0.128125 0.284375
3 0.8453125 0.6890625 0.128125 0.32890625