1 0.2234375 0.309375 0.11484375 0.1890625
1 0.34375 0.22734375 0.0875 0.17421875
1 0.425 0.28828125 0.07421875 0.17734375
1 0.51796875 0.34296875 0.07265625 0.16953125
1 0.63359375 0.228125 0.07890625 0.14140625
1 0.73671875 0.24609375 0.10234375 0.2140625
3 0.17578125 0.55390625 0.121875 0.34375
3 0.31796875 0.41875 0.10234375 0.32109375
3 0.54140625 0.45390625 0.128125 0.1265625
3 0.52265625 0.66796875 0.13828125 0.07890625
3 0.64765625 0.384375 0.11875 0.1859375
3 0.7640625 0.47734375 0.14609375 0.29921875