1 0.47578125 0.421875 0.05390625 0.13671875
1 0.57578125 0.48046875 0.0359375 0.07578125
1 0.64765625 0.48046875 0.04609375 0.065625
1 0.69765625 0.49140625 0.0328125 0.0625
1 0.73203125 0.51484375 0.03125 0.04921875
1 0.76640625 0.515625 0.025 0.0578125
1 0.78046875 0.51171875 0.028125 0.034375
3 0.47109375 0.55546875 0.096875 0.13671875
3 0.5671875 0.5734375 0.0640625 0.14140625
3 0.64140625 0.5625 0.034375 0.0890625
3 0.6859375 0.56171875 0.0578125 0.096875
3 0.74375 0.565625 0.0328125 0.0625