3 0.21953125 0.671875 0.04609375 0.0671875
3 0.6765625 0.66796875 0.05234375 0.090625
3 0.83203125 0.56875 0.0640625 0.0921875
3 0.67734375 0.2640625 0.04453125 0.0921875
3 0.3734375 0.228125 0.04140625 0.0609375
3 0.7921875 0.47421875 0.03125 0.0921875
3 0.60546875 0.0921875 0.0359375 0.08203125
1 0.2203125 0.6125 0.028125 0.04140625
1 0.36484375 0.1859375 0.025 0.04765625
1 0.67578125 0.59609375 0.03125 0.04921875
1 0.81015625 0.4125 0.028125 0.05078125
1 0.83125 0.509375 0.01953125 0.04921875
1 0.66015625 0.21171875 0.03125 0.02265625
1 0.62890625 0.08203125 0.0328125 0.05078125