3 0.2328125 0.67421875 0.04765625 0.0671875
3 0.696875 0.6703125 0.05234375 0.090625
3 0.85390625 0.57109375 0.0640625 0.09375
3 0.69765625 0.2609375 0.04453125 0.09375
3 0.3890625 0.2234375 0.04140625 0.0625
3 0.81328125 0.4734375 0.03125 0.09375
3 0.6234375 0.08515625 0.0359375 0.08359375
1 0.23359375 0.6140625 0.028125 0.04296875
1 0.38046875 0.18125 0.025 0.04921875
1 0.69609375 0.59765625 0.03125 0.04921875
1 0.83125 0.4109375 0.0296875 0.05234375
1 0.853125 0.509375 0.02109375 0.04921875
1 0.68046875 0.20703125 0.03125 0.02265625
1 0.64765625 0.07578125 0.0328125 0.05234375