3 0.79609375 0.68671875 0.04765625 0.0671875
3 0.328125 0.6828125 0.05390625 0.0921875
3 0.16875 0.58125 0.065625 0.0953125
3 0.32734375 0.26796875 0.04453125 0.0953125
3 0.63828125 0.23203125 0.04296875 0.0625
3 0.209375 0.484375 0.03125 0.0953125
3 0.4015625 0.0921875 0.0375 0.08359375
1 0.7953125 0.6265625 0.028125 0.04296875
1 0.646875 0.18828125 0.025 0.05078125
1 0.32890625 0.609375 0.03125 0.05078125
1 0.19140625 0.42109375 0.0296875 0.05234375
1 0.16953125 0.51953125 0.02109375 0.05078125
1 0.34453125 0.21484375 0.03125 0.025
1 0.3765625 0.08125 0.0328125 0.05234375