3 0.25546875 0.834375 0.1625 0.29453125
3 0.5359375 0.83671875 0.14765625 0.23828125
3 0.77734375 0.8703125 0.14140625 0.2546875
3 0.1234375 0.8140625 0.1296875 0.309375
3 0.421875 0.7359375 0.10234375 0.2140625
3 0.62265625 0.67890625 0.13515625 0.23515625
3 0.7046875 0.63125 0.06875 0.16953125
3 0.8484375 0.6296875 0.10234375 0.1890625
3 0.22265625 0.56640625 0.065625 0.13984375
3 0.653125 0.49296875 0.07109375 0.0984375
1 0.15234375 0.60703125 0.07109375 0.11484375
1 0.2828125 0.615625 0.0890625 0.13515625
1 0.4390625 0.5359375 0.0609375 0.1234375
1 0.5171875 0.6140625 0.07265625 0.13125
1 0.7140625 0.48203125 0.05078125 0.10234375
1 0.6546875 0.40234375 0.06875 0.10859375
1 0.60390625 0.48828125 0.059375 0.11171875
1 0.7703125 0.64765625 0.07890625 0.17265625