3 0.2546875 0.83984375 0.1609375 0.29140625
3 0.53203125 0.840625 0.14609375 0.23671875
3 0.77109375 0.87265625 0.13828125 0.25
3 0.1234375 0.81875 0.1296875 0.30625
3 0.41953125 0.740625 0.1 0.2125
3 0.61796875 0.68515625 0.13515625 0.23203125
3 0.69921875 0.63828125 0.07109375 0.16796875
3 0.84140625 0.63671875 0.1 0.1859375
3 0.221875 0.57421875 0.0640625 0.13828125
3 0.64765625 0.5 0.07109375 0.096875
1 0.15234375 0.61328125 0.07109375 0.11484375
1 0.28125 0.62265625 0.0890625 0.13359375
1 0.43671875 0.54375 0.059375 0.1234375
1 0.51328125 0.62109375 0.07265625 0.1296875
1 0.70859375 0.48984375 0.05078125 0.10234375
1 0.65 0.41015625 0.07109375 0.10703125
1 0.59921875 0.49609375 0.059375 0.11015625
1 0.76484375 0.6546875 0.07890625 0.17109375