3 0.259375 0.83828125 0.16796875 0.30390625
3 0.54765625 0.8390625 0.153125 0.2484375
3 0.796875 0.8703125 0.14453125 0.2546875
3 0.121875 0.81640625 0.13515625 0.31875
3 0.43046875 0.73515625 0.10390625 0.2203125
3 0.6375 0.6765625 0.13984375 0.24140625
3 0.721875 0.62734375 0.07265625 0.17578125
3 0.8703125 0.6265625 0.10546875 0.19375
3 0.22421875 0.5609375 0.0671875 0.14453125
3 0.66875 0.484375 0.07265625 0.10234375
1 0.15234375 0.603125 0.07421875 0.1203125
1 0.2859375 0.61171875 0.0921875 0.13828125
1 0.4484375 0.5296875 0.0609375 0.128125
1 0.528125 0.61015625 0.07421875 0.13671875
1 0.73125 0.4734375 0.05234375 0.10703125
1 0.6703125 0.390625 0.07265625 0.11171875
1 0.61796875 0.48046875 0.0625 0.11484375
1 0.78984375 0.64453125 0.08203125 0.17890625